0 0.64765625 0.50625 0.5078125 0.265625
1 0.2484375 0.58984375 0.165625 0.3140625
0 0.165625 0.22578125 0.125 0.0796875
0 0.23203125 0.33828125 0.146875 0.125
0 0.42265625 0.325 0.1703125 0.0875
0 0.64453125 0.275 0.1734375 0.096875
0 0.7796875 0.71953125 0.13125 0.0953125
0 0.76875 0.828125 0.2734375 0.0875
0 0.6078125 0.7515625 0.084375 0.109375
0 0.50078125 0.72421875 0.0765625 0.1671875
0 0.215625 0.78828125 0.14375 0.1390625
0 0.159375 0.6359375 0.0734375 0.146875
0 0.96328125 0.509375 0.0734375 0.4359375
0 0.8171875 0.25859375 0.134375 0.1109375