1 0.04375 0.478125 0.084375 0.121875
1 0.17890625 0.503125 0.1328125 0.1140625
1 0.3140625 0.51328125 0.128125 0.0921875
1 0.29453125 0.603125 0.15625 0.0828125
1 0.13984375 0.70390625 0.1515625 0.1390625
1 0.053125 0.61953125 0.10625 0.1484375
1 0.25703125 0.72265625 0.084375 0.084375
0 0.1578125 0.1390625 0.2046875 0.13125
0 0.096875 0.28203125 0.146875 0.153125
0 0.2390625 0.23515625 0.0734375 0.0390625
0 0.79765625 0.240625 0.3578125 0.1375
0 0.6328125 0.31953125 0.134375 0.0796875
0 0.5421875 0.4015625 0.246875 0.1046875
0 0.759375 0.35234375 0.18125 0.109375
0 0.91953125 0.328125 0.1328125 0.1046875
0 0.5734375 0.4796875 0.290625 0.0984375
0 0.85625 0.45859375 0.271875 0.1640625