0 0.77890625 0.20703125 0.4421875 0.2734375
0 0.22734375 0.35390625 0.415625 0.3171875
0 0.74921875 0.35546875 0.1578125 0.1234375
0 0.88828125 0.35625 0.0953125 0.0765625
0 0.98046875 0.34296875 0.0390625 0.1171875
0 0.97578125 0.471875 0.0484375 0.134375
0 0.89375 0.54140625 0.0953125 0.1078125
0 0.5796875 0.59609375 0.3609375 0.2515625
0 0.54140625 0.4265625 0.1640625 0.1546875
0 0.49609375 0.28671875 0.1078125 0.0703125
0 0.4921875 0.3484375 0.11875 0.065625
0 0.6453125 0.46953125 0.059375 0.0421875
0 0.51171875 0.51328125 0.075 0.0515625
0 0.64296875 0.43046875 0.0734375 0.0765625
0 0.74921875 0.42890625 0.075 0.0671875
0 0.25234375 0.678125 0.296875 0.18125
0 0.0765625 0.72109375 0.075 0.1421875
0 0.19765625 0.5359375 0.159375 0.128125