0 0.63125 0.1484375 0.484375 0.09375
0 0.5984375 0.353125 0.428125 0.071875
0 0.8421875 0.34375 0.05 0.06875
0 0.78125 0.459375 0.121875 0.1125
0 0.77109375 0.60078125 0.2078125 0.1015625
0 0.83125 0.709375 0.090625 0.134375
0 0.690625 0.71171875 0.184375 0.1296875
0 0.6171875 0.5796875 0.0734375 0.10625
0 0.36015625 0.6578125 0.4359375 0.20625
0 0.4484375 0.48515625 0.153125 0.1421875
0 0.28359375 0.478125 0.1625 0.15625
0 0.153125 0.35703125 0.275 0.0921875
0 0.3296875 0.34765625 0.0703125 0.06875
0 0.3171875 0.296875 0.05625 0.025
0 0.0546875 0.29765625 0.0484375 0.0234375
0 0.7703125 0.534375 0.05625 0.028125
0 0.55234375 0.5296875 0.05 0.05
0 0.0578125 0.58671875 0.053125 0.0828125
0 0.1578125 0.546875 0.0546875 0.05625
0 0.21484375 0.54140625 0.0390625 0.0578125