0 0.521875 0.86328125 0.2578125 0.2734375
0 0.0484375 0.5484375 0.096875 0.16875
0 0.16875 0.3875 0.090625 0.1828125
0 0.1828125 0.75546875 0.0921875 0.0609375
0 0.415625 0.37890625 0.1390625 0.3328125
0 0.55546875 0.39921875 0.0875 0.2015625
0 0.91875 0.378125 0.09375 0.175
0 0.4296875 0.67109375 0.08125 0.04375
0 0.1859375 0.67109375 0.0578125 0.028125
0 0.046875 0.8046875 0.09375 0.0578125
0 0.14609375 0.90390625 0.125 0.0828125
0 0.48046875 0.6421875 0.053125 0.021875
0 0.58203125 0.665625 0.0578125 0.0328125