0 0.27421875 0.3859375 0.1296875 0.1296875
0 0.4234375 0.3671875 0.115625 0.0515625
0 0.4375 0.4296875 0.128125 0.065625
0 0.0640625 0.32578125 0.128125 0.0265625
0 0.053125 0.3015625 0.103125 0.0203125
0 0.30390625 0.1609375 0.18125 0.0953125
0 0.31171875 0.2578125 0.1359375 0.1125
0 0.4265625 0.25078125 0.10625 0.05
0 0.39609375 0.2890625 0.0859375 0.021875
0 0.45 0.32265625 0.1296875 0.0171875
0 0.57109375 0.28671875 0.08125 0.0171875
0 0.671875 0.30859375 0.0921875 0.0140625
0 0.8171875 0.21796875 0.2140625 0.08125
0 0.8046875 0.25078125 0.1390625 0.0265625
0 0.7953125 0.27890625 0.1078125 0.0171875
0 0.81015625 0.2984375 0.165625 0.01875
0 0.80546875 0.346875 0.1453125 0.0453125
0 0.7890625 0.39140625 0.125 0.0484375