0 0.134375 0.3984375 0.1578125 0.0828125
0 0.096875 0.3375 0.1 0.028125
0 0.175 0.33203125 0.0640625 0.0609375
0 0.115625 0.28984375 0.06875 0.0921875
0 0.2875 0.15546875 0.225 0.071875
0 0.109375 0.20546875 0.125 0.0640625
0 0.3625 0.21171875 0.3375 0.0421875
0 0.4546875 0.171875 0.103125 0.0328125
0 0.6578125 0.13828125 0.2453125 0.05625
0 0.65390625 0.19296875 0.2625 0.0546875
0 0.696875 0.21953125 0.15 0.05
0 0.34609375 0.25703125 0.375 0.0546875
0 0.6171875 0.27265625 0.1546875 0.1015625
0 0.559375 0.3578125 0.0703125 0.0828125
0 0.6671875 0.340625 0.15625 0.0453125
0 0.66484375 0.384375 0.109375 0.0359375
0 0.88828125 0.26796875 0.11875 0.021875
0 0.87578125 0.24375 0.146875 0.0203125
0 0.76640625 0.28515625 0.05 0.0734375
0 0.7484375 0.38828125 0.078125 0.075