0 0.90234375 0.66640625 0.1203125 0.0859375
0 0.953125 0.5296875 0.09375 0.0921875
0 0.94375 0.615625 0.1046875 0.03125
0 0.96796875 0.58359375 0.0640625 0.0375
0 0.79140625 0.65234375 0.1171875 0.071875
0 0.63046875 0.63359375 0.0609375 0.0515625
0 0.51953125 0.62890625 0.171875 0.059375
0 0.31796875 0.60625 0.109375 0.0578125
0 0.2375 0.42578125 0.1859375 0.06875
0 0.246875 0.38203125 0.16875 0.053125
0 0.0703125 0.41484375 0.0296875 0.04375
0 0.2265625 0.46796875 0.13125 0.053125
0 0.1984375 0.50234375 0.084375 0.034375
0 0.47109375 0.47109375 0.3609375 0.0640625
0 0.41640625 0.5375 0.265625 0.05625
0 0.3578125 0.50234375 0.14375 0.0546875
0 0.5265625 0.51328125 0.1765625 0.0765625
0 0.24375 0.55625 0.11875 0.034375
0 0.6453125 0.5859375 0.3484375 0.05625
0 0.396875 0.56875 0.1421875 0.0375