0 0.93046875 0.2046875 0.1390625 0.1015625
0 0.87265625 0.3625 0.165625 0.103125
0 0.9328125 0.31171875 0.1328125 0.1828125
0 0.9328125 0.51953125 0.1328125 0.1828125
0 0.91015625 0.6828125 0.1796875 0.1796875
0 0.53046875 0.45390625 0.265625 0.13125
0 0.5 0.3625 0.1921875 0.0765625
0 0.575 0.25 0.15625 0.0609375
0 0.29375 0.2828125 0.1359375 0.05
0 0.28828125 0.3421875 0.13125 0.0609375
1 0.3046875 0.45625 0.125 0.1109375
0 0.30390625 0.52734375 0.1265625 0.028125
0 0.29765625 0.3890625 0.1046875 0.0265625